—303 —

Crepinia 03311011, 2739 Crepinia 1130011333 (Ρ3301),
Geumi„ 1762 2075

crepinia 1310130113, 1694
1311301113, 1199

1311301053 (005.), 2753
fallax (Puget), 1299
fallens (005.), 1366
13153, 1739
1351101115, 1389
fastidita, 1993
1311113,2504
faventina, 1309
Favrati, 1170
rennica. 1228
ferox (Chabert), 1482
fertilis. 1903
licoides, 2167
1113130111053, 2702 “
6111013115 (01311011), 1196
1111511133, 2747
moues, 2237
finitima, 1204
1131333103, 2655
111313 (Ρ3301), 2077
firmior, 1564
fissa, 1860
1155111035, 1304
1155110113, 1216
fissispina (W1e1·zb.)1'789
1130011313, 2692
flexibilis 005), 1139
flexibilis 1131· 1534
110111033ιί5 ((3101),), 1638
1101313ωο3, 2342
1031331331, 2183
foliosa, 1412
101113013, 2227
1010511103, 1287
Ἑο130011, 2268
1013101113, 2360
Forsteri (Sm.), 2328
fragilis, 1666
Ε135011, 2822
fraterna, 1919 ⁴
fraxinoides‚ 1887
Freynii‚ 2284
111031303515, 2270
Friedlanderiana (Bess.),
2770
111ἑῇξίὃί (Laggs 01 Pug.),
ι ἱ)
frondosa (8101.), 2154
11310110013, 1341
3310101313 (Βε55.),2443
1131100101331, 1894
fumeum-ia, 1197
13511013, 2639
1353011315. 2191
33121101(ζο331113 (Reut.),
3311000103, 2164
6311303011 (Ρ3301), 1162
3351101303, 1538
gaudens, 1971
6333131333, 2410

genevensis, 1992
303151300013, 1566

’ 6011113111 (11301), 2122

3001111113, 1915
3013033133, 1575
301311111113, 2.·129
Germ-diana, 2170
gerundensis, 1705
61001111, 2146
31300113, 1161
glaberrima (0330115112
31301313 (1(33111), 1161
313010500115, 2216
31301101, 2671 “
31301151113, 1931
3133311111013, 2602
313311111133013, 1247
31331111115011313, 1390
3133331053, 2123
31331131050113 , 2242
31330050035(Ι)05ν.),1325
31330110113 (Ο1)1Ζ),1807
31330133 (1113), 1862
3131101133103, 2195
313300031131, 1940
3131100111013, 1809,
3133001110115, 2045
globata (005), 2168
3100053, 1504
3101ἒ3133115 ( Franchet ),
1 7·
3100111053, 2556
33330310305, 2576
6031031333, 2149
3031030313, 2701
30111011111113, 2715
3055111133, 2704

’30111103, 1522

3130110313, 2402
3130111033115, 1815
31301111303, 1332
gracilior. 1384
gradun-amca, 1525
31301115, 1222
313011151333, 1946
313311111013, 1550
313311153133, 1521
3131111103, 1196
grata, 1801

gregaria 1511 et 1784
6103101101111, 1874
3115050035, 2578
3105531311011105, 1498
Guadarramae. 2499
63203311 (Β351., 0053),
63111011, 1300
6311110333, 2062
313130331303, 1963
3113305113133, 2437
cynomia, 1138

0301333103, 2177
0301113101105, 2049
Hannoni (Baker), 2109
1131103515, 2577
0330101333. 1710
Η31111333. 2204
1131110111ἰῇ 2827
Η31155111331333, 1688
11000011131315. 1582
heht-gyssa, 1955
helvmica, 2452
0013101013, 1501
001313133005, 22 47
1103111110113 (11111), 1671
hena-anamma, 1892
1101010031113, 1214
0010101110111113, 2385
0010105113133, 2123
hibernorum. 1881
Η1111111111111111(Ο1)1Ζ),2802
11115311551313, 2654
01113, 1861

01110113 (1113), 1924
0111151113, 1853
01111305, 2533
hispanica (nith), 2553
hispanica (Β. 0111.),2100
0151311313 (1111),), 2150
0151110053 (cmm, 2074
0010103011, 2793
0010301313, 1732
0010011303, 1656
1101ορ01113, 2580
00103003, 2537
Holubyi, 2503
Hookeriana, 1916
horridula (005), 1482
Hudsoniana, 2022
Hills-cuii, 2681
033110313313, 1804
03311115 (0055), 2762
hungarica, 1649
hypochionaea. 2509
0111001013, 1839
0130111003, 2438
1001011515. 2273
iberorum, 2287
103130011111113, 1489
1001110553, 2394
1111010351, 1720
111001013111, 2366
illecebrosa, 2251
1110013, 1866

11110313, 1554

11113313, 2205
illustrata. 1475
imitata (005), 2364
implexa (Gten.)‚ 2236
implicata, 2743
1131101113, 1381
impl-ouda, 2480

